start=1618.332000
pause=yes
volume=68.000000
