start=6456.827000
volume=78.000000
sid=2
