start=8342.002000
pause=yes
volume=76.000000
fullscreen=yes
sid=13
sub-delay=-0.300000
