start=31.647778
pause=yes
volume=95.000000
