start=26.679728
pause=yes
volume=80.000000
