start=8.933333
pause=yes
volume=75.000000
