start=2890.708333
volume=86.000000
