start=29.930522
pause=yes
volume=90.000000
