start=5.195000
volume=70.000000
