start=7816.938667
pause=yes
volume=80.000000
contrast=10
sid=5
sub-delay=0.000000
sub-scale=0.800000
