start=21.571338
pause=yes
volume=100.000000
