start=310.435125
pause=yes
volume=90.000000
brightness=-35
sid=1
sub-scale=1.200000
