start=0.999767
pause=yes
volume=75.000000
