start=1332.206000
pause=yes
volume=89.000000
fullscreen=yes
sid=27
