start=0.000000
pause=yes
volume=25.000000
