start=1449.970556
pause=yes
volume=80.000000
sid=2
