start=13.953787
pause=yes
volume=90.000000
