start=216.383000
pause=yes
volume=80.000000
sid=29
