start=1369.931279
pause=yes
volume=91.000000
sid=2
