start=0.000000
pause=yes
volume=70.000000
sid=31
sub-scale=0.850000
