start=3.233333
pause=yes
volume=45.000000
