start=13.865306
pause=yes
volume=90.000000
