start=1321.906000
pause=yes
volume=74.000000
