start=1431.639000
pause=yes
volume=80.000000
sid=32
