start=154.946757
pause=yes
volume=70.000000
