start=12.863855
volume=70.000000
