start=19.748222
volume=75.000000
