start=564.230000
pause=yes
volume=70.000000
sub-delay=-0.900000
