start=16.533333
volume=80.000000
