start=6.954646
pause=yes
volume=130.000000
