start=6380.714047
volume=89.000000
sid=2
