start=3475.263458
volume=80.000000
sid=4
