start=4096.300542
pause=yes
volume=76.000000
sid=2
