start=2.611156
pause=yes
volume=80.000000
