start=8.800363
pause=yes
volume=90.000000
