start=252.002000
pause=yes
volume=64.000000
