start=220.678792
pause=yes
volume=74.000000
sid=1
