start=0.000000
pause=yes
volume=45.000000
