start=3530.694000
pause=yes
volume=76.000000
sid=8
sub-scale=1.200000
