start=7862.563000
volume=70.000000
sid=27
