start=0.000000
pause=yes
volume=40.000000
