start=30.046621
pause=yes
volume=95.000000
