start=121.888433
volume=50.000000
