start=256.131278
pause=yes
volume=96.000000
sid=1
