start=5.840000
pause=yes
volume=75.000000
