start=3622.952667
volume=86.000000
sid=1
sub-delay=-0.000000
