start=3.033333
volume=50.000000
