start=40.960000
pause=yes
volume=90.000000
