start=7.397244
pause=yes
volume=65.000000
