start=2550.006000
pause=yes
volume=80.000000
sid=25
sub-scale=0.800000
