start=30.033333
pause=yes
volume=90.000000
