start=6863.233000
pause=yes
volume=100.000000
sid=8
