start=0.000000
pause=yes
volume=80.000000
