start=6.366667
pause=yes
volume=90.000000
