start=1450.016995
pause=yes
volume=82.000000
sid=2
