start=1619.492875
pause=yes
volume=100.000000
