start=76.206871
pause=yes
volume=70.000000
