start=5442.354000
pause=yes
volume=83.000000
sid=21
