start=36.497178
volume=85.000000
