start=3341.463125
pause=yes
volume=70.000000
sid=1
