start=1269.226000
pause=yes
volume=78.000000
sid=2
