start=19.766667
volume=70.000000
