start=1450.016853
pause=yes
volume=90.000000
fullscreen=yes
sid=2
