start=0.924000
volume=90.000000
