start=3799.212000
pause=yes
volume=80.000000
sid=1
