start=26.354649
pause=yes
volume=75.000000
