start=31.532000
pause=yes
volume=92.000000
aid=1
