start=1443.443000
pause=yes
volume=85.000000
sid=2
