start=8.221293
pause=yes
volume=75.000000
