start=40.250000
pause=yes
volume=85.000000
