start=12.233533
volume=75.000000
