start=3671.458000
pause=yes
volume=84.000000
sid=26
