start=4.966667
volume=75.000000
