start=19.554100
volume=65.000000
