start=18.390204
pause=yes
volume=75.000000
