start=9.218000
pause=yes
volume=98.000000
