start=1.543208
pause=yes
volume=67.000000
