start=23.466667
pause=yes
volume=80.000000
