start=10.241406
volume=75.000000
