start=1.210000
pause=yes
volume=86.000000
