start=14.373152
pause=yes
volume=92.000000
