start=1381.881000
pause=yes
volume=100.000000
sid=2
