start=6.965986
volume=75.000000
