start=2521.769000
volume=84.000000
fullscreen=yes
sid=28
