start=13.504022
volume=80.000000
