start=5.896417
pause=yes
volume=75.000000
