start=276.510000
pause=yes
volume=90.000000
