start=3700.238208
speed=1.050000
volume=90.000000
sub-delay=0.000000
