start=1449.970379
pause=yes
volume=65.000000
sid=2
