start=22.983333
volume=80.000000
