start=15.048644
volume=85.000000
