start=316.483000
pause=yes
volume=76.000000
sub-delay=-0.000000
