start=13.179833
pause=yes
mute=yes
audio-delay=0.000000
sub-delay=0.000000
