start=4.597551
pause=yes
volume=85.000000
