start=3953.450000
speed=1.050000
volume=94.000000
aid=1
sid=29
