start=149.524375
pause=yes
volume=99.000000
