start=2452.575000
volume=100.000000
sid=1
