start=8926.751000
volume=82.000000
fullscreen=yes
