start=1282.658000
pause=yes
volume=70.000000
fullscreen=yes
sid=2
