start=739.363625
speed=1.050000
pause=yes
volume=78.000000
sid=1
