start=12.492122
pause=yes
volume=45.000000
