start=6.954646
pause=yes
volume=100.000000
