start=6003.331000
pause=yes
volume=71.000000
sid=5
sub-scale=1.200000
