start=7926.920167
volume=76.000000
aid=1
sid=14
sub-delay=-1.000000
sub-scale=0.800000
