start=13.865306
pause=yes
volume=105.000000
