start=5.896417
pause=yes
volume=90.000000
