start=7175.930033
pause=yes
volume=98.000000
fullscreen=yes
sid=1
