start=1450.016506
pause=yes
volume=84.000000
sid=2
