start=2755.280000
pause=yes
volume=66.000000
sid=3
