start=2600.723125
volume=64.000000
fullscreen=yes
sid=1
