start=3888.352000
pause=yes
volume=73.000000
aid=2
sid=1
sub-delay=0.300000
