start=1449.741000
pause=yes
volume=80.000000
sid=2
