start=1.266667
pause=yes
volume=40.000000
