start=80.830045
pause=yes
volume=75.000000
