start=19.480489
pause=yes
volume=95.000000
