start=7.383946
pause=yes
volume=100.000000
