start=13.953787
pause=yes
volume=70.000000
