start=0.000000
pause=yes
volume=85.000000
aid=1
