start=15.882449
pause=yes
volume=70.000000
