start=22.033333
volume=80.000000
fullscreen=yes
