start=182.683000
pause=yes
volume=71.000000
sid=2
