start=118.366667
volume=80.000000
