start=493.409583
pause=yes
volume=83.000000
sid=1
sub-delay=0.900000
