start=4185.891000
pause=yes
volume=80.000000
sid=23
