start=2734.375000
pause=yes
volume=81.000000
