start=173.400000
volume=95.000000
