start=964.173000
pause=yes
volume=68.000000
