start=21.104000
pause=yes
volume=52.000000
