start=3051.715333
pause=yes
volume=76.000000
sid=1
