start=1450.084000
speed=1.050000
pause=yes
volume=70.000000
sid=2
