start=6.108833
volume=100.000000
