start=14.722766
pause=yes
volume=80.000000
