start=8.192000
pause=yes
volume=75.000000
