start=8567.350000
volume=65.000000
sid=1
