start=1369.369000
pause=yes
volume=86.000000
sid=2
