start=8.500000
pause=yes
volume=85.000000
