start=9791.657000
pause=yes
volume=100.000000
fullscreen=yes
sid=7
