start=1381.922000
pause=yes
volume=84.000000
sid=2
