start=3727.724000
pause=yes
volume=90.000000
sid=25
sub-scale=0.850000
