start=1450.016853
pause=yes
volume=70.000000
sid=2
sub-delay=0.000000
