start=248.749000
pause=yes
volume=80.000000
sid=20
