start=43.943900
volume=75.000000
