start=7.035646
pause=yes
volume=80.000000
