start=5.866667
volume=120.000000
