start=55.556000
pause=yes
volume=80.000000
sid=5
