start=12.189189
pause=yes
volume=80.000000
