start=512.554000
volume=80.000000
sid=2
