start=1450.039955
pause=yes
volume=80.000000
sid=2
