start=212.629000
pause=yes
volume=98.000000
sid=2
