start=306.973000
pause=yes
sid=24
sub-scale=0.700000
