start=3713.543167
volume=86.000000
sid=2
sub-scale=1.200000
