start=22.600000
volume=70.000000
