start=29.290667
pause=yes
volume=68.000000
