start=11.702857
pause=yes
volume=65.000000
