start=34.782041
pause=yes
volume=80.000000
