start=1449.657000
pause=yes
volume=80.000000
fullscreen=yes
sid=2
