start=1354.120000
pause=yes
volume=70.000000
