start=2322.236583
pause=yes
volume=80.000000
sid=1
sub-scale=1.200000
