start=41.640000
volume=90.000000
