start=3298.200000
pause=yes
volume=61.000000
sid=2
