start=141.891750
volume=85.000000
fullscreen=yes
sid=1
