start=56.796009
pause=yes
volume=80.000000
