start=2967.589625
pause=yes
volume=68.000000
sid=1
