start=7071.791667
volume=95.000000
fullscreen=yes
sid=2
