start=3663.328000
pause=yes
volume=97.000000
sid=20
