start=4186.016000
pause=yes
volume=84.000000
sid=23
