start=6127.008000
pause=yes
volume=96.000000
gamma=0
saturation=9
sid=16
