start=51.466667
pause=yes
volume=85.000000
