start=1400.983000
fullscreen=yes
sub-scale=1.050000
