start=72.488504
pause=yes
volume=84.000000
