start=3576.781542
pause=yes
volume=100.000000
