start=3525.355000
pause=yes
volume=70.000000
aid=2
