start=1369.884755
pause=yes
volume=85.000000
sid=2
