start=4068.439375
pause=yes
volume=91.000000
