start=3181.291667
volume=85.000000
