start=30.900000
volume=65.000000
