start=11.634649
pause=yes
volume=100.000000
