start=2675.440000
volume=86.000000
brightness=2
sid=3
sub-scale=1.100000
ab-loop-a=390.000000
ab-loop-b=390.000000
